6 4 2108 11 6 8970 13 2 6 120 1725 1 294 276 60 42 55 342.10 0.45
3 2 4543 12 4 4767 17 1 10 56 1359 1 249 74 53 743 57 343.46 0.36
3 2 4543 12 4 4767 17 1 10 46 1359 1 249 106 53 743 57 344.44 0.36
2 5 2065 11 6 8970 17 2 6 119 1725 1 296 276 60 42 55 343.54 0.25
3 2 4543 12 4 4767 17 1 10 46 1359 1 249 98 53 743 57 344.54 0.39
6 4 2108 11 6 8970 13 2 6 120 1725 1 294 276 60 42 55 345.10 0.43
3 2 4543 12 4 4767 17 1 10 46 1359 1 249 106 53 743 57 345.43 0.41
6 4 5751 26 5 11657 6 4 3 63 950 1 277 75 54 499 57 347.52 0.20
9 7 7037 24 4 9879 19 3 2 85 837 1 195 217 12 93 99 343.83 0.35
8 3 5846 12 3 13038 5 4 6 67 984 1 158 152 42 879 66 343.74 0.21
6 4 2108 11 6 8970 13 2 6 120 1725 1 294 276 60 42 55 342.10 0.57
3 2 4543 12 4 4767 17 1 10 46 1359 1 249 106 53 743 57 347.44 0.36
6 4 2108 11 6 8970 13 2 6 120 1725 1 294 276 60 42 55 343.10 0.77
3 2 4543 12 4 4767 17 1 10 46 1359 1 249 106 53 743 57 342.43 0.41
7 8 4782 25 7 5133 6 4 5 113 1396 1 102 111 41 750 66 343.95 0.37
10 6 5854 22 4 7218 7 4 1 36 627 1 241 260 19 399 91 344.72 0.13
7 8 5535 25 6 6098 16 3 7 34 935 1 123 226 2 754 96 328.24 0.45
9 8 4165 25 3 11122 19 4 4 101 1677 1 76 182 18 175 91 344.81 0.54
5 8 3257 13 4 5381 16 3 6 91 1985 1 269 291 58 847 53 343.49 0.78
5 3 2193 13 3 6070 9 4 8 104 1444 1 216 214 52 456 61 341.83 0.29
9 6 5378 6 5 8652 11 3 4 76 1495 1 148 259 32 747 74 342.83 0.49
7 6 6998 8 2 7941 19 3 5 100 968 1 264 251 55 445 58 344.04 0.43
6 1 5857 19 4 11633 19 3 2 91 1395 1 186 239 47 934 61 329.09 0.82
9 6 3515 18 5 9231 9 2 3 44 1821 1 71 269 21 877 83 346.72 0.18
4 9 3056 19 6 10791 17 5 7 107 1756 1 254 284 58 128 53 335.52 0.55
7 10 6010 6 7 12552 12 5 10 37 1042 1 102 263 54 329 56 339.33 0.45
4 5 6416 17 6 9774 17 4 4 44 1315 1 284 246 25 644 69 303.59 0.53
6 7 5522 28 7 6556 15 1 6 103 1284 1 178 265 49 783 59 344.43 0.65
6 8 6867 28 5 8268 15 2 6 39 1300 1 89 150 50 678 59 345.52 0.25
2 1 5736 28 6 12770 17 2 2 115 999 1 183 219 22 235 89 343.97 0.46
5 9 3552 10 8 11161 14 4 7 85 1703 1 167 156 13 617 94 346 0.58
9 6 5522 17 6 7423 13 1 9 60 1079 1 220 122 56 767 55 345.99 0.26
9 3 6511 29 6 14313 13 1 6 106 589 1 186 194 56 764 55 334.87 0.65
9 6 5575 17 6 6362 13 1 9 60 1079 1 220 122 56 766 55 336 0.31
9 6 5522 17 6 7130 13 1 6 106 1079 1 220 205 56 764 55 346.93 0.57
8 9 6352 14 5 10148 15 3 6 109 810 1 76 236 25 355 85 347.98 0.37
8 9 6262 14 5 9472 16 3 7 107 864 1 69 120 25 355 85 347.95 0.44
9 9 6758 14 5 10260 18 3 6 109 766 1 65 242 25 355 85 345.94 0.73
8 6 5767 24 4 9521 15 4 4 91 1397 1 223 88 11 593 96 346.95 0.65
6 7 5343 21 5 12750 6 4 8 66 615 1 229 65 41 178 73 344.88 0.52
6 7 5381 15 6 12815 6 4 7 65 635 1 229 129 41 168 73 343.67 0.55
6 7 5388 14 5 12588 6 4 8 64 611 1 229 65 41 168 73 344.72 0.11
8 4 4559 23 7 13989 15 4 1 79 723 1 107 235 20 873 86 345.88 0.45
3 5 5543 19 7 5718 18 5 5 67 505 1 156 297 30 417 81 347.81 0.55
3 5 5543 19 7 5718 18 5 5 67 505 1 156 297 30 417 81 342.93 0.46
3 5 5543 19 7 5718 18 5 5 67 505 1 154 297 30 418 81 343.98 0.24
9 6 6808 16 5 6157 5 2 9 89 1114 1 142 212 17 266 94 345.99 0.45
3 2 6247 10 7 5306 5 4 9 79 1337 1 106 123 9 308 100 344.93 0.45
3 2 5951 9 7 5306 14 4 9 68 1337 1 106 123 9 308 100 339.97 0.54
4 2 1970 22 8 4925 7 5 3 47 1791 1 296 111 33 963 75 345.99 0.58
4 10 1966 22 8 4924 10 5 3 57 1783 1 296 110 33 961 75 341.98 0.65
4 3 1970 22 8 4925 7 5 3 57 1791 1 296 111 33 963 75 343.23 0.25
8 3 6518 28 5 10369 11 2 1 105 1579 1 131 82 8 663 98 342.82 0.45
7 3 6381 9 5 10093 18 5 2 112 1588 1 126 87 8 713 98 343.34 0.54
6 3 3286 18 3 4772 16 2 1 84 1989 1 116 128 12 895 92 344.96 0.64
2 3 5674 22 6 10034 16 2 4 117 1344 1 121 207 55 278 59 345.99 0.51
2 3 5674 22 7 10034 16 2 4 111 1344 1 121 207 55 278 59 345.32 0.38
9 3 5858 22 6 10034 16 2 4 117 1344 1 117 207 55 278 59 336.99 0.35
10 4 2618 11 7 10501 19 4 1 73 1964 1 163 217 42 898 66 323.99 0.48
8 2 4235 12 3 6291 12 4 1 58 916 1 274 76 18 580 90 345.93 0.28
8 4 6740 9 5 6504 14 1 2 55 830 1 274 68 18 576 90 347.91 0.55
7 9 6360 23 3 5167 17 3 4 115 1620 1 105 200 31 348 79 346.95 0.65
7 9 6360 23 3 5167 17 3 4 112 1620 1 105 200 31 348 79 343.96 0.89
5 8 3560 29 5 7859 12 4 2 107 1870 1 65 284 28 892 78 343.79 0.75
4 9 5292 29 2 13642 12 5 5 79 522 1 65 84 9 953 94 343.97 0.55
1 8 4948 18 2 6667 16 4 3 59 1649 1 119 204 50 752 60 347.77 0.45
1 8 4708 9 7 6423 17 3 3 60 1642 1 160 297 50 805 60 346.85 0.46
5 8 3032 5 7 3868 13 4 5 104 1730 1 179 236 24 651 84 345.96 0.45
5 8 3019 5 7 3647 13 5 6 64 991 1 179 228 24 651 84 344.96 0.78
7 8 6113 6 5 10001 15 4 8 82 1532 1 116 134 15 780 91 324.69 0.57
9 3 6496 24 3 12801 18 5 2 90 1305 1 66 258 28 328 82 344.75 0.53
5 8 7109 10 7 5510 15 2 5 104 1248 1 255 243 14 727 94 334.86 0.65
5 4 3195 8 7 9444 15 2 5 92 1248 1 258 230 14 727 94 345.94 0.43
7 8 3141 28 8 12980 17 3 9 75 753 1 275 86 62 527 52 345.85 0.53
6 9 6042 28 6 7756 19 3 5 63 1316 1 108 270 44 896 64 346.93 0.35
8 5 6969 11 7 8011 14 4 5 47 970 1 284 223 32 234 81 347.93 0.75
