9 6 5522 17 6 7423 13 1 9 60 1079 1 220 122 56 767 55 328.75  0.37
3 2 4543 12 4 4767 17 1 10 56 1359 1 249 74 53 743 57 326.23  0.35
3 2 4543 12 4 4767 17 1 10 46 1359 1 249 106 53 743 57 335.64  0.42
2 5 2065 11 6 8970 17 2 6 119 1725 1 296 276 60 42 55 337.82  0.46
3 2 4543 12 4 4767 17 1 10 46 1359 1 249 98 53 743 57 322.93  0.32
9 3 6511 29 6 14313 13 1 6 106 589 1 186 194 56 764 55 336.14  0.42
3 2 4543 12 4 4767 17 1 10 46 1359 1 249 106 53 743 57 336.45  0.44
6 4 5751 26 5 11657 6 4 3 63 950 1 277 75 54 499 57 321.23  0.31
9 7 7037 24 4 9879 19 3 2 85 837 1 195 217 12 93 99 335.32  0.39
8 3 5846 12 3 13038 5 4 6 67 984 1 158 152 42 879 66 325.03  0.35
6 4 2108 11 6 8970 13 2 6 120 1725 1 294 276 60 42 55 331.86  0.42
3 2 4543 12 4 4767 17 1 10 46 1359 1 249 106 53 743 57 328.53  0.37
9 9 6758 14 5 10260 18 3 6 109 766 1 65 242 25 355 85 339.23  0.68
3 2 4543 12 4 4767 17 1 10 46 1359 1 249 106 53 743 57 334.35  0.45
7 8 4782 25 7 5133 6 4 5 113 1396 1 102 111 41 750 66 332.17  0.42
10 6 5854 22 4 7218 7 4 1 36 627 1 241 260 19 399 91 334.75  0.37
7 8 5535 25 6 6098 16 3 7 34 935 1 123 226 2 754 96 334.42  0.44
9 8 4165 25 3 11122 19 4 4 101 1677 1 76 182 18 175 91 336.93  0.44
5 8 3257 13 4 5381 16 3 6 91 1985 1 269 291 58 847 53 338.55  0.57
5 3 2193 13 3 6070 9 4 8 104 1444 1 216 214 52 456 61 330.66  0.58
