9,6758,14,5,10260,18,3,6,109,766,1,65,242,25,355,85,339.23,0.68,0.50590,0.49410
8,3257,13,4,5381,16,3,6,91,1985,1,269,291,58,847,53,338.55,0.57,0.40423,0.39480
5,2065,11,6,8970,17,2,6,119,1725,1,296,276,60,42,55,337.82,0.46,0.31706,0.30966
8,4165,25,3,11122,19,4,4,101,1677,1,76,182,18,175,91,336.93,0.44,0.29705,0.29012
3,6511,29,6,14313,13,1,6,106,589,1,186,194,56,764,55,336.14,0.42,0.27767,0.27119
7,7037,24,4,9879,19,3,2,85,837,1,195,217,12,93,99,335.32,0.39,0.25276,0.24686
6,5854,22,4,7218,7,4,1,36,627,1,241,260,19,399,91,334.75,0.37,0.23669,0.23116
2,4543,12,4,4767,17,1,10,56,1359,1,249,74,53,743,57,326.23,0.35,0.10431,0.10187
2,4543,12,4,4767,17,1,10,46,1359,1,249,98,53,743,57,322.93,0.32,0.03482,0.03400
4,5751,26,5,11657,6,4,3,63,950,1,277,75,54,499,57,321.23,0.31,0,0


9,6758,14,5,10260,18,3,6,109,766,1,65,242,25,355,85,339.23,0.68,0.71057
4,5751,26,5,11657,6,4,3,63,950,1,277,75,54,499,57,321.23,0.31,0.70365
2,4543,12,4,4767,17,1,10,46,1359,1,249,98,53,743,57,322.93,0.32,0.66710
2,4543,12,4,4767,17,1,10,56,1359,1,249,74,53,743,57,326.23,0.35,0.61620
8,3257,13,4,5381,16,3,6,91,1985,1,269,291,58,847,53,338.55,0.57,0.61471
5,2065,11,6,8970,17,2,6,119,1725,1,296,276,60,42,55,337.82,0.46,0.56244
8,4165,25,3,11122,19,4,4,101,1677,1,76,182,18,175,91,336.93,0.44,0.55920
3,6511,29,6,14313,13,1,6,106,589,1,186,194,56,764,55,336.14,0.42,0.55636
7,7037,24,4,9879,19,3,2,85,837,1,195,217,12,93,99,335.32,0.39,0.55166
6,5854,22,4,7218,7,4,1,36,627,1,241,260,19,399,91,334.75,0.37,0.54936
