3.461335449218750000e+02 4.144728660583496094e+00 4.785307407379150391e+00
3.461547546386718750e+02 4.202758312225341797e+00 4.188940048217773438e+00
3.481100463867187500e+02 4.191873550415039062e+00 2.800350904464721680e+00
3.463651123046875000e+02 4.191873550415039062e+00 4.210065364837646484e+00
3.466874084472656250e+02 4.174659729003906250e+00 3.007091045379638672e+00
3.449424743652343750e+02 4.174659729003906250e+00 4.416805744171142578e+00
3.478996887207031250e+02 4.202758312225341797e+00 2.779225349426269531e+00
3.478784790039062500e+02 4.144728660583496094e+00 3.375592470169067383e+00
3.443925476074218750e+02 4.175165176391601562e+00 4.659776687622070312e+00
3.455836181640625000e+02 4.145234107971191406e+00 5.028278350830078125e+00
