1.048176645468482820e+04 4.440082275970500802e+01 5.779165166826302880e+00 8.071442853100279535e+00 2.040615053053429051e+01 1.000000000000000000e+00 4.205067400651033793e+00 4.697342014008015099e+00 1.238961606668959492e+00 2.390388085045508433e+03 9.933068510739074100e+02 7.589349695129912199e-01 2.660432556668031907e+02 2.729572679718074824e+02 4.135716675437693084e+02 9.176336612897883072e+01 5.182389410636071503e+00
1.110452167145038402e+04 6.149663477299332470e+01 8.009871559345679515e+00 7.092758386563766670e+00 1.442829386724763197e+01 1.078052622740433453e+00 5.217610887545877318e+00 3.572090166707050596e+00 2.062070844720289120e+00 3.339812060816216672e+03 1.339844737242362044e+03 7.079812415573537576e-01 2.476078675581673565e+02 2.468465407950348549e+02 1.929181439227038481e+02 8.761236546184302654e+01 2.193581036446545340e+00
4.671692571115743704e+03 4.485058168822965285e+01 6.111414458473152678e+00 1.000000000000000000e+01 2.323722470483173907e+01 3.346596988146029350e+00 1.000000000000000000e+00 4.047579764703613137e+00 2.325957656860018652e+00 5.859056095853933584e+03 8.206051729754893813e+02 6.737539577359323850e-01 2.680334817860509702e+02 1.840687961260942416e+02 5.087655064564860368e+02 9.679459342838828206e+01 3.426816129219297125e+00
9.813778792393832191e+03 5.579078575904636494e+01 7.111672530659620683e+00 7.551905280174134205e+00 1.691072273529427150e+01 1.000000000000000000e+00 6.094624498881142216e+00 4.520672800842028494e+00 1.291695309097828925e+00 3.809356038270909266e+03 1.479712852338584980e+03 6.922448650867769615e-01 2.330153834023663535e+02 2.356203340686176659e+02 3.104991384284130049e+02 9.542027025029354093e+01 3.334017346915905122e+00
4.645166753383909054e+03 4.968129756569222621e+01 8.382851161422602004e+00 1.000000000000000000e+01 2.400017076893529122e+01 4.372914644142970708e+00 1.026981064086465167e+00 3.743778821115632205e+00 2.589617312247443071e+00 5.885581913585768234e+03 7.940793552436548453e+02 6.884445606688642805e-01 2.415076640542163773e+02 1.575429783942596487e+02 5.352913241883205728e+02 9.733133562955346463e+01 7.300670393303292371e+00
1.381863228332979634e+04 5.584388257929715849e+01 7.498788500540776170e+00 7.616256008179382420e+00 1.519476409793590932e+01 1.000000000000000000e+00 4.721441952217427129e+00 3.512240565788050439e+00 1.924767361515770103e+00 6.829143649749502401e+03 1.011799794011647691e+03 7.349067542007242659e-01 2.662600352149725040e+02 2.710739192025632747e+02 4.689673658913850431e+02 8.824723230493312087e+01 7.239238446137881589e+00
8.481881238185660550e+03 5.848883023974864415e+01 5.000000000000000000e+00 8.944145827890299216e+00 1.764130532227455461e+01 2.467518895264444456e+00 1.322705330459709616e+00 4.624227032118974456e+00 2.284362696403647419e+00 2.631021054235953670e+03 1.485190750076030781e+03 6.362462777928460378e-01 2.974686390543668608e+02 2.728259634587388973e+02 3.084111546975994997e+02 9.352317765836370711e+01 2.280246675567830117e+00
6.649681046174608127e+03 4.226760481510657286e+01 5.870617013260353900e+00 1.000000000000000000e+01 2.468141838389626130e+01 3.528117889438661781e+00 1.000000000000000000e+00 4.016622000141330417e+00 2.189420152994606905e+00 4.785431483606262191e+03 8.468313299228800588e+02 6.883168963398313966e-01 2.732504968415726125e+02 1.893335845633818622e+02 5.075253031706962474e+02 9.611991070252261693e+01 5.911572237836971055e+00
9.527176655405617566e+03 4.504625450537815823e+01 8.333868104651710240e+00 8.339184890291102548e+00 1.521483857290221309e+01 1.000000000000000000e+00 5.973649371043064704e+00 3.310225307620545010e+00 1.029352673225725656e+00 4.344175178212150058e+03 7.411144099107716556e+02 7.834677802929284063e-01 2.543320108150348346e+02 2.575947955293302130e+02 3.851097316081908275e+02 9.156230843062789404e+01 7.773634397110889438e+00
1.267270056447434399e+04 4.595430974737966068e+01 5.955907587414866811e+00 8.158826834838912134e+00 1.546775755777355421e+01 1.000000000000000000e+00 4.884953956460550195e+00 4.061036973639700065e+00 1.022575899520208331e+00 2.518309883573060688e+03 1.318958800832381257e+03 7.553108473433365333e-01 2.767735768999995116e+02 2.849657158422577368e+02 3.292842174245739670e+02 9.267637750285172160e+01 5.752518714332974348e+00
