-6.065070800781250000e+02 2.522356605529785156e+01 -1.900615215301513672e+00
-4.261460876464843750e+02 1.398346233367919922e+01 -1.934035062789916992e+00
-1.046838745117187500e+03 4.153909301757812500e+01 4.556472897529602051e-01
-3.349635009765625000e+02 9.417044639587402344e+00 -2.301256656646728516e+00
-3.861342773437500000e+02 5.105262994766235352e-02 2.307991790771484375e+01
-3.479798278808593750e+02 1.104744052886962891e+01 -2.304875135421752930e+00
-5.312901000976562500e+02 4.690944850444793701e-01 1.391568450927734375e+02
-5.811287231445312500e+02 1.088941955566406250e+01 4.556472897529602051e-01
-1.025373046875000000e+03 4.470801162719726562e+01 -4.872193336486816406e-01
-7.557656860351562500e+02 3.256888198852539062e+01 -2.152697563171386719e+00
-9.682658081054687500e+02 4.225240325927734375e+01 -1.259863138198852539e+00
-5.101683044433593750e+02 2.836131286621093750e+01 -2.468027830123901367e+00
-8.027676391601562500e+02 3.756520080566406250e+01 -1.857262134552001953e+00
-9.329796752929687500e+02 2.742341804504394531e+01 7.156995391845703125e+01
-7.651833496093750000e+02 1.681656265258789062e+01 9.248866271972656250e+01
-4.771874084472656250e+02 1.191150283813476562e+01 -1.540063142776489258e+00
-3.289113769531250000e+02 1.219564342498779297e+01 -2.339005231857299805e+00
-5.598436279296875000e+02 5.080957412719726562e+00 8.214160919189453125e+01
-9.747648925781250000e+02 5.135046768188476562e+01 -2.026894807815551758e+00
-7.888930053710937500e+02 4.934958267211914062e+01 -2.486706733703613281e+00
-8.548510131835937500e+02 2.748397064208984375e+01 4.556472897529602051e-01
-4.703963317871093750e+02 5.407009124755859375e+00 1.411445260047912598e+00
-9.922991333007812500e+02 3.009944725036621094e+01 8.796942901611328125e+01
-4.914459533691406250e+02 1.967614173889160156e+01 -1.872303485870361328e+00
-1.038329345703125000e+03 5.517377471923828125e+01 -1.738643169403076172e+00
-8.799537353515625000e+02 4.460393142700195312e+01 -1.823762893676757812e+00
-7.843226928710937500e+02 1.452977371215820312e+01 1.595902557373046875e+02
-1.008726684570312500e+03 3.244548416137695312e+01 6.259724426269531250e+01
-4.583084716796875000e+02 5.105262994766235352e-02 7.632418823242187500e+01
-8.479373779296875000e+02 2.718194198608398438e+01 1.291588401794433594e+01
-9.769858398437500000e+02 3.137468910217285156e+01 4.578293991088867188e+01
-8.454176025390625000e+02 3.425217819213867188e+01 -1.233739852905273438e+00
-7.106374511718750000e+02 1.603680992126464844e+01 4.448958587646484375e+01
-5.631057128906250000e+02 4.862762451171875000e+00 8.937996673583984375e+01
-9.581423339843750000e+02 3.325922393798828125e+01 2.240156745910644531e+01
-4.259458923339843750e+02 5.415363788604736328e+00 -8.477627635002136230e-01
-5.797332153320312500e+02 2.367484092712402344e+01 -1.736845016479492188e+00
-4.600439758300781250e+02 5.105262994766235352e-02 8.858966064453125000e+01
-1.004656005859375000e+03 3.371781158447265625e+01 4.570129776000976562e+01
-6.964879760742187500e+02 1.128670883178710938e+01 1.191128082275390625e+02
-7.755197143554687500e+02 1.656895446777343750e+01 1.055205307006835938e+02
-8.845556030273437500e+02 2.246084785461425781e+01 1.231066055297851562e+02
-9.278035278320312500e+02 2.634981727600097656e+01 8.461635589599609375e+01
-3.888838806152343750e+02 4.507876873016357422e+00 -1.822425842285156250e+00
-7.623187255859375000e+02 1.475912189483642578e+01 1.260593566894531250e+02
-8.472514648437500000e+02 1.997733306884765625e+01 1.330270843505859375e+02
-8.527770996093750000e+02 2.199584388732910156e+01 9.543454742431640625e+01
-4.342902832031250000e+02 2.011319351196289062e+01 -2.323744773864746094e+00
-5.943566894531250000e+02 6.296838760375976562e+00 1.037823562622070312e+02
-4.078307495117187500e+02 8.019547462463378906e+00 -2.107849836349487305e+00
-9.600838623046875000e+02 2.777334785461425781e+01 1.215087203979492188e+02
-4.250940246582031250e+02 9.155799865722656250e+00 -1.423923492431640625e+00
-7.771923217773437500e+02 1.466621685028076172e+01 1.493531036376953125e+02
-9.292426757812500000e+02 3.275718688964843750e+01 4.382070064544677734e+00
-1.003186279296875000e+03 3.139703369140625000e+01 7.198109436035156250e+01
-4.477959594726562500e+02 2.459653282165527344e+01 -2.483062267303466797e+00
-6.072316284179687500e+02 5.920278549194335938e+00 1.184680175781250000e+02
-9.290360717773437500e+02 4.305244064331054688e+01 -1.541933774948120117e+00
-4.662716979980468750e+02 4.684805870056152344e+00 1.924232864379882812e+01
-9.631060791015625000e+02 4.529032897949218750e+01 -1.784039258956909180e+00
-5.887691650390625000e+02 6.429326057434082031e+00 9.277368927001953125e+01
-9.248532714843750000e+02 2.377787208557128906e+01 1.360270233154296875e+02
-6.265801391601562500e+02 5.852508544921875000e+00 1.469933471679687500e+02
-8.541525268554687500e+02 2.075527954101562500e+01 1.176172790527343750e+02
-7.920208129882812500e+02 1.529196643829345703e+01 1.512417755126953125e+02
-4.269498596191406250e+02 1.234429359436035156e+00 3.551393508911132812e+01
-7.123240966796875000e+02 1.099810409545898438e+01 1.434745178222656250e+02
-5.872379150390625000e+02 1.215696716308593750e+01 2.301933479309082031e+01
-1.004556213378906250e+03 3.545775604248046875e+01 2.159323310852050781e+01
-9.571522216796875000e+02 2.915416908264160156e+01 6.372197723388671875e+01
-8.886655273437500000e+02 2.106827163696289062e+01 1.542699127197265625e+02
-4.587738037109375000e+02 7.956494688987731934e-01 5.623934173583984375e+01
-5.302406616210937500e+02 6.786570072174072266e+00 2.904775047302246094e+01
-5.897720947265625000e+02 3.110113906860351562e+01 -2.154997825622558594e+00
-8.794006958007812500e+02 2.115951919555664062e+01 1.406557922363281250e+02
-1.065404663085937500e+03 4.496758651733398438e+01 4.556472897529602051e-01
-7.717302856445312500e+02 2.166851615905761719e+01 1.598723888397216797e+01
-9.979996337890625000e+02 3.368553161621093750e+01 3.011323738098144531e+01
-8.538578491210937500e+02 2.641823577880859375e+01 2.031972694396972656e+01
-4.633809814453125000e+02 2.739141464233398438e+00 3.853900146484375000e+01
-9.928766479492187500e+02 3.268125534057617188e+01 4.698632431030273438e+01
-6.672479248046875000e+02 1.147353267669677734e+01 8.624613952636718750e+01
-4.806243286132812500e+02 3.631641626358032227e+00 4.266541671752929688e+01
-9.961681518554687500e+02 3.636875152587890625e+01 7.176912307739257812e+00
-5.954514160156250000e+02 3.070954322814941406e+01 -1.924994707107543945e+00
-9.822856445312500000e+02 2.809233665466308594e+01 1.159475860595703125e+02
-5.229487915039062500e+02 1.608358383178710938e+00 1.017575683593750000e+02
-4.990577697753906250e+02 1.661501121520996094e+01 -1.549941062927246094e+00
-8.731639404296875000e+02 2.697398567199707031e+01 1.560083484649658203e+01
-9.163348999023437500e+02 4.821736145019531250e+01 -2.461049318313598633e+00
-9.235977783203125000e+02 2.881014060974121094e+01 3.953674316406250000e+01
-6.204906616210937500e+02 9.897179603576660156e+00 5.719614410400390625e+01
-4.911285705566406250e+02 4.522452831268310547e+00 2.475918769836425781e+01
-7.570088500976562500e+02 1.767087554931640625e+01 7.115332794189453125e+01
-6.021817016601562500e+02 5.500486373901367188e+00 1.215761108398437500e+02
-9.668400878906250000e+02 2.852936363220214844e+01 9.091503906250000000e+01
-9.495035400390625000e+02 3.316778564453125000e+01 2.167017173767089844e+01
-5.743784179687500000e+02 9.877155303955078125e+00 2.700317764282226562e+01
-6.089396972656250000e+02 8.943082809448242188e+00 6.426074981689453125e+01
-4.864991455078125000e+02 2.504438972473144531e+01 -2.315387487411499023e+00
-1.009929870605468750e+03 5.469348526000976562e+01 -1.849516630172729492e+00
-5.070602416992187500e+02 5.021846771240234375e+00 1.547772407531738281e+01
-6.800067138671875000e+02 1.282190513610839844e+01 7.193426513671875000e+01
-5.246256713867187500e+02 1.311934947967529297e+00 1.130958175659179688e+02
-7.097364501953125000e+02 1.036368083953857422e+01 1.516204071044921875e+02
-7.972143554687500000e+02 2.163347244262695312e+01 3.052804946899414062e+01
-7.426949462890625000e+02 1.221890830993652344e+01 1.545149383544921875e+02
-9.930216064453125000e+02 3.031727027893066406e+01 8.477941894531250000e+01
-6.298674926757812500e+02 6.367677211761474609e+00 1.414473571777343750e+02
-6.226976928710937500e+02 7.182454109191894531e+00 1.122752532958984375e+02
-9.092552490234375000e+02 2.371488571166992188e+01 1.308523712158203125e+02
-8.396547851562500000e+02 1.823208045959472656e+01 1.523103942871093750e+02
-9.331710205078125000e+02 3.043840599060058594e+01 5.254238128662109375e+01
-6.398408203125000000e+02 9.924031257629394531e+00 7.881062316894531250e+01
-7.884547729492187500e+02 3.031576156616210938e+01 -1.313906908035278320e+00
-6.042333374023437500e+02 4.465852260589599609e+00 1.456262359619140625e+02
-7.596069946289062500e+02 3.643822860717773438e+01 -2.175137042999267578e+00
-5.599759521484375000e+02 5.285516738891601562e+00 8.004261779785156250e+01
-3.824595947265625000e+02 5.105262994766235352e-02 2.637311458587646484e+00
-1.003173522949218750e+03 3.355974578857421875e+01 4.522274017333984375e+01
-6.241649780273437500e+02 2.855168533325195312e+01 -1.828240156173706055e+00
-8.324450683593750000e+02 2.279861831665039062e+01 6.521723937988281250e+01
-9.171744995117187500e+02 2.791985130310058594e+01 5.434431457519531250e+01
-4.723034057617187500e+02 1.056662321090698242e+00 7.726909637451171875e+01
-9.369411010742187500e+02 2.775729751586914062e+01 8.416979980468750000e+01
-8.237501831054687500e+02 1.776666450500488281e+01 1.431778259277343750e+02
-5.915689086914062500e+02 2.054112052917480469e+01 -2.254934906959533691e-01
-5.362033691406250000e+02 7.899372577667236328e+00 4.258807373046875000e+01
-9.195830688476562500e+02 3.220074462890625000e+01 1.219344806671142578e+01
-4.927276916503906250e+02 1.520633029937744141e+01 -2.034130096435546875e-01
-8.472608032226562500e+02 1.953107833862304688e+01 1.332583618164062500e+02
-7.759099121093750000e+02 2.043441772460937500e+01 4.543476867675781250e+01
-7.381567382812500000e+02 1.177545642852783203e+01 1.561262054443359375e+02
-7.858554077148437500e+02 2.150731086730957031e+01 4.572218322753906250e+01
-5.899101562500000000e+02 4.638769626617431641e+00 1.228339767456054688e+02
-7.623847656250000000e+02 4.214445495605468750e+01 -2.442465305328369141e+00
-7.252968750000000000e+02 2.601858901977539062e+01 -1.507143735885620117e+00
-5.079881286621093750e+02 1.395479679107666016e+00 9.663266754150390625e+01
-5.519591064453125000e+02 4.598906517028808594e+00 8.399057769775390625e+01
-8.182861938476562500e+02 2.266760253906250000e+01 4.574267959594726562e+01
-5.357576293945312500e+02 7.697870254516601562e+00 3.913284683227539062e+01
-8.266432495117187500e+02 4.135570907592773438e+01 -1.988750934600830078e+00
-4.961700744628906250e+02 1.503742933273315430e+00 7.987506103515625000e+01
-8.865692749023437500e+02 4.228702545166015625e+01 -1.357440948486328125e+00
-7.649529418945312500e+02 1.671666717529296875e+01 9.301247406005859375e+01
-6.598568115234375000e+02 1.013403511047363281e+01 9.821049499511718750e+01
-5.736110229492187500e+02 1.010226345062255859e+01 7.507392406463623047e+00
-9.293853759765625000e+02 2.509521102905273438e+01 1.203612442016601562e+02
-6.905049438476562500e+02 1.190000724792480469e+01 1.108205261230468750e+02
-5.538330078125000000e+02 2.990554571151733398e+00 1.135391998291015625e+02
-6.139531860351562500e+02 1.052824306488037109e+01 4.760994720458984375e+01
-6.115544433593750000e+02 8.572028160095214844e+00 7.316967773437500000e+01
-5.789980468750000000e+02 3.075509786605834961e+00 1.398528900146484375e+02
-9.993383789062500000e+02 3.230644989013671875e+01 6.164882278442382812e+01
-9.389281005859375000e+02 3.245589065551757812e+01 1.884208869934082031e+01
-6.973253173828125000e+02 1.683654975891113281e+01 2.891441345214843750e+01
-4.002944641113281250e+02 5.105262994766235352e-02 5.580479431152343750e+01
-8.282169189453125000e+02 2.218082618713378906e+01 7.455946350097656250e+01
-6.452863159179687500e+02 1.725433731079101562e+01 4.556472897529602051e-01
-7.519679565429687500e+02 4.671532058715820312e+01 -2.485883474349975586e+00
-1.039305419921875000e+03 3.889655303955078125e+01 4.556472897529602051e-01
-6.306343383789062500e+02 8.021512031555175781e+00 1.058860778808593750e+02
-6.684979248046875000e+02 1.745736694335937500e+01 4.556472897529602051e-01
-7.170548706054687500e+02 1.579574012756347656e+01 5.978445053100585938e+01
-6.046896972656250000e+02 1.463726520538330078e+01 4.556472897529602051e-01
-3.906016235351562500e+02 5.105262994766235352e-02 4.944727706909179688e+01
-7.688280639648437500e+02 1.744249343872070312e+01 8.189521026611328125e+01
-5.537944335937500000e+02 3.747767210006713867e+00 1.028200836181640625e+02
-5.480610961914062500e+02 1.779833555221557617e+00 1.305752563476562500e+02
-4.756532287597656250e+02 2.672649860382080078e+00 5.103757095336914062e+01
-7.136879272460937500e+02 1.632244110107421875e+01 4.213739013671875000e+01
-8.451499023437500000e+02 2.263926124572753906e+01 7.640659332275390625e+01
-9.537820434570312500e+02 2.464483642578125000e+01 1.556895904541015625e+02
-6.068290405273437500e+02 1.137552356719970703e+01 3.471207046508789062e+01
-5.378953247070312500e+02 6.843090057373046875e-01 1.401352844238281250e+02
-8.694551391601562500e+02 2.213265609741210938e+01 1.068409805297851562e+02
-6.607596435546875000e+02 1.601399993896484375e+01 1.140696048736572266e+01
-4.724063415527343750e+02 5.105262994766235352e-02 9.263719940185546875e+01
-7.914030761718750000e+02 1.661338996887207031e+01 1.283680572509765625e+02
-5.139562988281250000e+02 4.620912075042724609e+00 5.582772064208984375e+01
-5.898981323242187500e+02 7.260994911193847656e+00 8.908821868896484375e+01
-8.658558959960937500e+02 2.187366485595703125e+01 1.111559600830078125e+02
-7.525321044921875000e+02 1.434040737152099609e+01 1.260809326171875000e+02
-4.805840759277343750e+02 8.524698257446289062e+00 4.556472897529602051e-01
-9.285822753906250000e+02 2.735826683044433594e+01 8.829767608642578125e+01
-9.473205566406250000e+02 2.867794418334960938e+01 6.834457397460937500e+01
-7.484801025390625000e+02 2.304633903503417969e+01 3.332663297653198242e+00
-6.386424560546875000e+02 3.545314407348632812e+01 -2.489078283309936523e+00
-9.125836791992187500e+02 2.367435073852539062e+01 1.355316314697265625e+02
-8.100366821289062500e+02 1.959010887145996094e+01 8.504528808593750000e+01
-6.707930297851562500e+02 1.160214710235595703e+01 1.036485519409179688e+02
-9.155607299804687500e+02 2.695139312744140625e+01 6.629093933105468750e+01
-8.242510986328125000e+02 1.792956924438476562e+01 1.403894042968750000e+02
-7.092191772460937500e+02 1.482614517211914062e+01 6.173341369628906250e+01
-8.619194335937500000e+02 5.287064361572265625e+01 -2.470943450927734375e+00
-5.320591430664062500e+02 8.111025810241699219e+00 2.393294525146484375e+01
-9.524178466796875000e+02 2.670208358764648438e+01 1.129370422363281250e+02
-7.694323730468750000e+02 1.996720123291015625e+01 5.239612579345703125e+01
-7.279541625976562500e+02 2.839094924926757812e+01 1.006614565849304199e-01
-6.188619384765625000e+02 1.196817111968994141e+01 4.206692504882812500e+01
-7.397365112304687500e+02 2.123997306823730469e+01 1.508737945556640625e+01
-8.486746215820312500e+02 2.196345520019531250e+01 8.205697631835937500e+01
-8.251611938476562500e+02 1.702078247070312500e+01 1.618797760009765625e+02
-5.087043457031250000e+02 2.776316452026367188e+01 -2.328944444656372070e+00
-4.808455810546875000e+02 1.170615434646606445e+00 6.767311859130859375e+01
-8.276290893554687500e+02 2.213134765625000000e+01 7.717286682128906250e+01
-6.314072875976562500e+02 9.189957618713378906e+00 8.387205505371093750e+01
-6.798960571289062500e+02 1.537678527832031250e+01 4.480236053466796875e+01
-4.598482971191406250e+02 1.318488025665283203e+01 -1.675630331039428711e+00
-7.471432495117187500e+02 1.507131099700927734e+01 1.164682083129882812e+02
-8.865485229492187500e+02 2.416165161132812500e+01 8.956299591064453125e+01
-8.942388305664062500e+02 2.946521949768066406e+01 1.981352043151855469e+01
-6.399960937500000000e+02 8.930068969726562500e+00 1.048874816894531250e+02
-7.830556640625000000e+02 1.613794326782226562e+01 1.312223663330078125e+02
-7.468187255859375000e+02 1.258394527435302734e+01 1.512067108154296875e+02
-6.293562011718750000e+02 1.060090637207031250e+01 5.689025878906250000e+01
-4.645337524414062500e+02 2.708860015869140625e+01 -2.476428747177124023e+00
-4.948989562988281250e+02 1.045313358306884766e+01 4.556472897529602051e-01
-7.234700927734375000e+02 1.104220390319824219e+01 1.537872009277343750e+02
-7.250866699218750000e+02 1.242170238494873047e+01 1.359661254882812500e+02
-6.466855468750000000e+02 8.200706481933593750e+00 1.224992141723632812e+02
-6.969157714843750000e+02 1.242315959930419922e+01 9.532473754882812500e+01
-7.100970458984375000e+02 1.317940139770507812e+01 9.767208099365234375e+01
-1.022156616210937500e+03 3.793268966674804688e+01 5.771652221679687500e+00
-4.717810058593750000e+02 1.913710594177246094e+01 -1.893019199371337891e+00
-7.331245727539062500e+02 1.650750732421875000e+01 6.660431671142578125e+01
-7.615651855468750000e+02 2.149011421203613281e+01 3.554963302612304688e+01
-8.832881469726562500e+02 2.414008140563964844e+01 1.136793518066406250e+02
-7.769137573242187500e+02 1.738283348083496094e+01 1.078587188720703125e+02
-9.246619262695312500e+02 3.247572708129882812e+01 1.801508140563964844e+01
-7.993005371093750000e+02 2.035976791381835938e+01 6.047449493408203125e+01
-7.994542846679687500e+02 1.712513923645019531e+01 1.194500579833984375e+02
-6.829150390625000000e+02 1.444055938720703125e+01 6.715551757812500000e+01
-9.659558715820312500e+02 2.629680442810058594e+01 1.333118133544921875e+02
-9.723358154296875000e+02 2.806142807006835938e+01 1.116012115478515625e+02
-7.967028808593750000e+02 4.134209060668945312e+01 -2.309112548828125000e+00
-6.174421997070312500e+02 5.945227146148681641e+00 1.295879364013671875e+02
-6.983666381835937500e+02 2.000591659545898438e+01 3.902751207351684570e-02
-5.470982666015625000e+02 3.992983102798461914e+00 9.653199768066406250e+01
-9.609238891601562500e+02 3.830501174926757812e+01 4.556472897529602051e-01
-6.857997436523437500e+02 1.673426818847656250e+01 2.121301269531250000e+01
-8.727318115234375000e+02 4.305134201049804688e+01 -2.011338710784912109e+00
-7.709218139648437500e+02 1.651194381713867188e+01 1.192610626220703125e+02
-9.882126464843750000e+02 3.096878051757812500e+01 7.624917602539062500e+01
-6.512941284179687500e+02 1.453084564208984375e+01 1.409091854095458984e+01
-5.359915771484375000e+02 5.897000312805175781e+00 5.127001190185546875e+01
-9.563500976562500000e+02 5.064949798583984375e+01 -2.242414951324462891e+00
-6.901508789062500000e+02 1.526050090789794922e+01 4.665427780151367188e+01
-6.628406372070312500e+02 1.447551059722900391e+01 3.115937995910644531e+01
-7.718723144531250000e+02 1.888967132568359375e+01 6.716217803955078125e+01
-9.008805541992187500e+02 3.222951126098632812e+01 4.556472897529602051e-01
-8.780786743164062500e+02 2.646449661254882812e+01 3.242998123168945312e+01
-8.351293334960937500e+02 3.088544464111328125e+01 -8.900101780891418457e-01
-8.889614257812500000e+02 2.804714965820312500e+01 2.814469718933105469e+01
-7.960305175781250000e+02 1.997586441040039062e+01 6.764663696289062500e+01
-6.636781005859375000e+02 9.065776824951171875e+00 1.298736724853515625e+02
-8.050897216796875000e+02 2.288059997558593750e+01 3.014719772338867188e+01
-8.550080566406250000e+02 2.846701431274414062e+01 9.751855850219726562e+00
-7.241603393554687500e+02 1.798799896240234375e+01 4.165658569335937500e+01
-7.849664306640625000e+02 2.377769088745117188e+01 2.069309997558593750e+01
-5.226452026367187500e+02 4.805316925048828125e+00 4.954238510131835938e+01
-6.296621093750000000e+02 1.061226177215576172e+01 6.289344787597656250e+01
-7.246239013671875000e+02 1.661232757568359375e+01 6.104338455200195312e+01
-7.073040771484375000e+02 1.401692008972167969e+01 8.274082946777343750e+01
-8.083429565429687500e+02 2.717393684387207031e+01 4.556472897529602051e-01
-5.844589233398437500e+02 9.921319961547851562e+00 2.896777725219726562e+01
-9.417710571289062500e+02 2.336664962768554688e+01 1.694091644287109375e+02
-9.293481445312500000e+02 2.412495803833007812e+01 1.405784454345703125e+02
-8.692777709960937500e+02 2.317652130126953125e+01 8.838668060302734375e+01
-9.955104370117187500e+02 3.207481002807617188e+01 7.011914062500000000e+01
-8.785099487304687500e+02 3.367110824584960938e+01 -3.873203396797180176e-01
-5.173815917968750000e+02 4.425922036170959473e-01 1.248599853515625000e+02
-3.993759460449218750e+02 1.784959030151367188e+01 -2.279442071914672852e+00
-6.557206420898437500e+02 1.244162654876708984e+01 5.520051956176757812e+01
-6.567656250000000000e+02 2.517972755432128906e+01 -1.495328664779663086e+00
-8.379162597656250000e+02 2.088253974914550781e+01 9.963376617431640625e+01
-5.673656616210937500e+02 2.155376243591308594e+01 -2.231424570083618164e+00
-6.097269897460937500e+02 1.080074214935302734e+01 3.568688201904296875e+01
-8.545711669921875000e+02 2.525004386901855469e+01 5.674264144897460938e+01
-6.073809814453125000e+02 1.504434204101562500e+01 4.556472897529602051e-01
-6.076215820312500000e+02 8.133426666259765625e+00 7.787422943115234375e+01
-9.503713378906250000e+02 2.662024307250976562e+01 1.122247161865234375e+02
-7.974262695312500000e+02 1.793386268615722656e+01 1.107119369506835938e+02
-7.347427978515625000e+02 2.087182044982910156e+01 4.556472897529602051e-01
-8.972844238281250000e+02 2.087613296508789062e+01 1.662144165039062500e+02
-6.467102661132812500e+02 1.259288215637207031e+01 5.412820053100585938e+01
-7.434853515625000000e+02 1.501248645782470703e+01 1.004223022460937500e+02
-9.629790039062500000e+02 3.512286758422851562e+01 1.149405384063720703e+01
-8.939051513671875000e+02 2.197060203552246094e+01 1.422857666015625000e+02
-7.629904174804687500e+02 3.965375137329101562e+01 -2.349383592605590820e+00
-8.090585937500000000e+02 2.372545051574707031e+01 4.135413742065429688e+01
-6.627897949218750000e+02 1.576873207092285156e+01 1.741070747375488281e+01
-6.548820800781250000e+02 3.749840164184570312e+01 -2.414999723434448242e+00
-3.872929077148437500e+02 1.583876037597656250e+01 -2.273913621902465820e+00
-5.851068115234375000e+02 1.196579074859619141e+01 2.991469955444335938e+01
-7.993879394531250000e+02 2.035808753967285156e+01 6.201877212524414062e+01
-6.465945434570312500e+02 1.103721904754638672e+01 7.563671875000000000e+01
-9.028007812500000000e+02 2.829740142822265625e+01 4.155591201782226562e+01
-9.123297119140625000e+02 2.683403396606445312e+01 6.411068725585937500e+01
-6.972306518554687500e+02 1.220635795593261719e+01 1.025424346923828125e+02
